subjectGroup,browser,version,OS,OS_lang,GMT_timestamp,local_timestamp,link,calibration
"14",Safari,13.1.2,MacOS,en,2020-12-02_06:18:23,2020-12-01_23:18:23,https://www.testable.org/experiment/4058/666579/start?sona_id=65206,0.97

rowNo,randomBlock,if,then,stim1,stim2,key,type,head,stimFormat,stimPos,ITI,keyboard,button1,button2,responseType,responseOptions,responseRows,feedback,feedbackTime,feedbackOptions,required,pageBreak,pageName,subjectGroup,abstract_stim1,abstract_stim2,stimPos_actual,ITI_ms,ITI_f,ITI_fDuration,timestamp,response,RT,correct,responseCode
7037,"0",1;2,end;+1,ugrad_consent3,"","",test,"",.png,"","","",Do not agree,Agree,"","","","","","","","","","14","","","","",0,0,67089,"2",1815,"",""
7042,"2","","",SHINEd_berry2,"",g,test,"",.png,0 50,"750",h g,"","","","","",correct: Correct.  They like to play Go (G).; incorrect: Incorrect.  They like to play Go (G).,"2000",sameScreen,"","","","14",beta,none,0 50,750,0,0,90903,h,3921,"0",""
7040,"1","","",SHINEd_pepper,"",h,test,"",.png,0 50,"750",h g,"","","","","",correct: Correct.  They like to play Chess (H).; incorrect: Incorrect.  They like to play Chess (H).,"2000",sameScreen,"","","","14",alpha,none,0 50,750,0,0,100073,h,4921,"1",""
7045,"1","","",SHINEd_pepper,"",h,test,"",.png,0 50,"750",h g,"","","","","",correct: Correct.  They like to play Chess (H).; incorrect: Incorrect.  They like to play Chess (H).,"2000",sameScreen,"","","","14",alpha,none,0 50,748,45,"16.67",104995,h,672,"1",""
7047,"2","","",SHINEd_berry2,"",g,test,"",.png,0 50,"750",h g,"","","","","",correct: Correct.  They like to play Go (G).; incorrect: Incorrect.  They like to play Go (G).,"2000",sameScreen,"","","","14",beta,none,0 50,748,45,"16.67",109880,g,636,"1",""
7052,"2","","",SHINEd_berry2,"",g,test,"",.png,0 50,"750",h g,"","","","","",correct: Correct.  They like to play Go (G).; incorrect: Incorrect.  They like to play Go (G).,"2000",sameScreen,"","","","14",beta,none,0 50,756,45,"16.62",114770,g,634,"1",""
7050,"1","","",SHINEd_pepper,"",h,test,"",.png,0 50,"750",h g,"","","","","",correct: Correct.  They like to play Chess (H).; incorrect: Incorrect.  They like to play Chess (H).,"2000",sameScreen,"","","","14",alpha,none,0 50,751,45,"16.62",119546,h,526,"1",""
7055,"1","","",SHINEd_pepper,"",h,test,"",.png,0 50,"750",h g,"","","","","",correct: Correct.  They like to play Chess (H).; incorrect: Incorrect.  They like to play Chess (H).,"2000",sameScreen,"","","","14",alpha,none,0 50,750,45,"16.80",124400,h,610,"1",""
7057,"2","","",SHINEd_berry2,"",g,test,"",.png,0 50,"750",h g,"","","","","",correct: Correct.  They like to play Go (G).; incorrect: Incorrect.  They like to play Go (G).,"2000",sameScreen,"","","","14",beta,none,0 50,753,45,"16.69",129685,g,1037,"1",""
7060,"1","","",SHINEd_pepper,"",h,test,"",.png,0 50,"750",h g,"","","","","",correct: Correct.  They like to play Chess (H).; incorrect: Incorrect.  They like to play Chess (H).,"2000",sameScreen,"","","","14",alpha,none,0 50,750,45,"16.67",135070,h,1134,"1",""
7062,"2","","",SHINEd_berry2,"",g,test,"",.png,0 50,"750",h g,"","","","","",correct: Correct.  They like to play Go (G).; incorrect: Incorrect.  They like to play Go (G).,"2000",sameScreen,"","","","14",beta,none,0 50,750,45,"16.73",140429,g,1106,"1",""
7067,"2","","",SHINEd_berry2,"",g,test,"",.png,0 50,"750",h g,"","","","","",correct: Correct.  They like to play Go (G).; incorrect: Incorrect.  They like to play Go (G).,"2000",sameScreen,"","","","14",beta,none,0 50,748,45,"16.67",145390,g,715,"1",""
7065,"1","","",SHINEd_pepper,"",h,test,"",.png,0 50,"750",h g,"","","","","",correct: Correct.  They like to play Chess (H).; incorrect: Incorrect.  They like to play Chess (H).,"2000",sameScreen,"","","","14",alpha,none,0 50,750,45,"16.67",150169,h,521,"1",""
7072,"2","","","",SHINEd_berry2,g,test,"",.png,-200 50;200 50,"750",h g,"","","","","",correct: Correct.  They like to play Go (G).; incorrect: Incorrect.  They like to play Go (G).,"2000",sameScreen,"","","","14",none,beta,-200 50;200 50,757,45,"16.62",155745,g,1325,"1",""
7070,"1","","","",SHINEd_pepper,h,test,"",.png,-200 50;200 50,"750",h g,"","","","","",correct: Correct.  They like to play Chess (H).; incorrect: Incorrect.  They like to play Chess (H).,"2000",sameScreen,"","","","14",none,alpha,-200 50;200 50,758,45,"16.67",161364,h,1370,"1",""
7077,"2","","",SHINEd_berry2,"",g,test,"",.png,-200 50;200 50,"750",h g,"","","","","",correct: Correct.  They like to play Go (G).; incorrect: Incorrect.  They like to play Go (G).,"2000",sameScreen,"","","","14",beta,none,-200 50;200 50,757,45,"16.82",166187,g,572,"1",""
7075,"1","","",SHINEd_pepper,"",h,test,"",.png,-200 50;200 50,"750",h g,"","","","","",correct: Correct.  They like to play Chess (H).; incorrect: Incorrect.  They like to play Chess (H).,"2000",sameScreen,"","","","14",alpha,none,-200 50;200 50,752,45,"16.84",171317,h,885,"1",""
7082,"2","","","",SHINEd_berry2,g,test,"",.png,-200 50;200 50,"750",h g,"","","","","",correct: Correct.  They like to play Go (G).; incorrect: Incorrect.  They like to play Go (G).,"2000",sameScreen,"","","","14",none,beta,-200 50;200 50,751,45,"16.82",176356,g,785,"1",""
7080,"1","","","",SHINEd_pepper,h,test,"",.png,-200 50;200 50,"750",h g,"","","","","",correct: Correct.  They like to play Chess (H).; incorrect: Incorrect.  They like to play Chess (H).,"2000",sameScreen,"","","","14",none,alpha,-200 50;200 50,750,45,"16.71",181301,h,694,"1",""
7085,"1","","",SHINEd_pepper,"",h,test,"",.png,-200 50;200 50,"750",h g,"","","","","",correct: Correct.  They like to play Chess (H).; incorrect: Incorrect.  They like to play Chess (H).,"2000",sameScreen,"","","","14",alpha,none,-200 50;200 50,752,45,"16.69",186193,h,646,"1",""
7087,"2","","",SHINEd_berry2,"",g,test,"",.png,-200 50;200 50,"750",h g,"","","","","",correct: Correct.  They like to play Go (G).; incorrect: Incorrect.  They like to play Go (G).,"2000",sameScreen,"","","","14",beta,none,-200 50;200 50,750,45,"16.67",191141,g,707,"1",""
7092,"2","","","",SHINEd_berry2,g,test,"",.png,-200 50;200 50,"750",h g,"","","","","",correct: Correct.  They like to play Go (G).; incorrect: Incorrect.  They like to play Go (G).,"2000",sameScreen,"","","","14",none,beta,-200 50;200 50,750,45,"16.71",197443,g,2052,"1",""
7090,"1","","","",SHINEd_pepper,h,test,"",.png,-200 50;200 50,"750",h g,"","","","","",correct: Correct.  They like to play Chess (H).; incorrect: Incorrect.  They like to play Chess (H).,"2000",sameScreen,"","","","14",none,alpha,-200 50;200 50,748,45,"16.67",204538,h,2844,"1",""
7095,"1","","",SHINEd_pepper,"",h,test,"",.png,-200 50;200 50,"750",h g,"","","","","",correct: Correct.  They like to play Chess (H).; incorrect: Incorrect.  They like to play Chess (H).,"2000",sameScreen,"","","","14",alpha,none,-200 50;200 50,750,45,"16.67",210750,h,1964,"1",""
7097,"2","","",SHINEd_berry2,"",g,test,"",.png,-200 50;200 50,"750",h g,"","","","","",correct: Correct.  They like to play Go (G).; incorrect: Incorrect.  They like to play Go (G).,"2000",sameScreen,"","","","14",beta,none,-200 50;200 50,752,45,"16.62",215893,g,903,"1",""
7102,"2","","",SHINEd_pepper,SHINEd_lemon,h,test,"",.png,-200 50;200 50,"750",h g,"","","","","",correct: Correct.  They like to play Chess (H).; incorrect: Incorrect.  They like to play Chess (H).,"2000",sameScreen,"","","","14",alpha,phi,-200 50;200 50,750,45,"16.67",222419,h,2275,"1",""
7106,"4","","",SHINEd_berry2,SHINEd_lemon,g,test,"",.png,-200 50;200 50,"750",h g,"","","","","",correct: Correct.  They like to play Go (G).; incorrect: Incorrect.  They like to play Go (G).,"2000",sameScreen,"","","","14",beta,phi,-200 50;200 50,751,45,"16.71",227498,g,833,"1",""
7104,"3","","",SHINEd_melon,SHINEd_berry2,g,test,"",.png,-200 50;200 50,"750",h g,"","","","","",correct: Correct.  They like to play Go (G).; incorrect: Incorrect.  They like to play Go (G).,"2000",sameScreen,"","","","14",theta,beta,-200 50;200 50,750,45,"16.67",233721,g,1968,"1",""
7100,"1","","",SHINEd_melon,SHINEd_pepper,h,test,"",.png,-200 50;200 50,"750",h g,"","","","","",correct: Correct.  They like to play Chess (H).; incorrect: Incorrect.  They like to play Chess (H).,"2000",sameScreen,"","","","14",theta,alpha,-200 50;200 50,750,45,"16.69",238870,h,896,"1",""
7109,"1","","",SHINEd_pepper,SHINEd_melon,h,test,"",.png,-200 50;200 50,"750",h g,"","","","","",correct: Correct.  They like to play Chess (H).; incorrect: Incorrect.  They like to play Chess (H).,"2000",sameScreen,"","","","14",alpha,theta,-200 50;200 50,750,45,"16.67",243765,h,653,"1",""
7113,"3","","",SHINEd_berry2,SHINEd_melon,g,test,"",.png,-200 50;200 50,"750",h g,"","","","","",correct: Correct.  They like to play Go (G).; incorrect: Incorrect.  They like to play Go (G).,"2000",sameScreen,"","","","14",beta,theta,-200 50;200 50,750,45,"16.67",248706,g,690,"1",""
7115,"4","","",SHINEd_lemon,SHINEd_berry2,g,test,"",.png,-200 50;200 50,"750",h g,"","","","","",correct: Correct.  They like to play Go (G).; incorrect: Incorrect.  They like to play Go (G).,"2000",sameScreen,"","","","14",phi,beta,-200 50;200 50,758,45,"16.67",254021,g,1066,"1",""
7111,"2","","",SHINEd_lemon,SHINEd_pepper,h,test,"",.png,-200 50;200 50,"750",h g,"","","","","",correct: Correct.  They like to play Chess (H).; incorrect: Incorrect.  They like to play Chess (H).,"2000",sameScreen,"","","","14",phi,alpha,-200 50;200 50,757,45,"16.67",259007,h,729,"1",""
7118,"1","","",SHINEd_melon,SHINEd_pepper,h,test,"",.png,-200 50;200 50,"750",h g,"","","","","",correct: Correct.  They like to play Chess (H).; incorrect: Incorrect.  They like to play Chess (H).,"2000",sameScreen,"","","","14",theta,alpha,-200 50;200 50,752,45,"16.84",264072,h,827,"1",""
7122,"3","","",SHINEd_melon,SHINEd_berry2,g,test,"",.png,-200 50;200 50,"750",h g,"","","","","",correct: Correct.  They like to play Go (G).; incorrect: Incorrect.  They like to play Go (G).,"2000",sameScreen,"","","","14",theta,beta,-200 50;200 50,750,45,"16.82",269091,g,772,"1",""
7120,"2","","",SHINEd_pepper,SHINEd_lemon,h,test,"",.png,-200 50;200 50,"750",h g,"","","","","",correct: Correct.  They like to play Chess (H).; incorrect: Incorrect.  They like to play Chess (H).,"2000",sameScreen,"","","","14",alpha,phi,-200 50;200 50,750,45,"16.71",274081,h,741,"1",""
7124,"4","","",SHINEd_berry2,SHINEd_lemon,g,test,"",.png,-200 50;200 50,"750",h g,"","","","","",correct: Correct.  They like to play Go (G).; incorrect: Incorrect.  They like to play Go (G).,"2000",sameScreen,"","","","14",beta,phi,-200 50;200 50,750,45,"16.67",279175,g,846,"1",""
7133,"4","","",SHINEd_lemon,SHINEd_berry2,g,test,"",.png,-200 50;200 50,"750",h g,"","","","","",correct: Correct.  They like to play Go (G).; incorrect: Incorrect.  They like to play Go (G).,"2000",sameScreen,"","","","14",phi,beta,-200 50;200 50,750,45,"16.67",283986,g,569,"1",""
7131,"3","","",SHINEd_berry2,SHINEd_melon,g,test,"",.png,-200 50;200 50,"750",h g,"","","","","",correct: Correct.  They like to play Go (G).; incorrect: Incorrect.  They like to play Go (G).,"2000",sameScreen,"","","","14",beta,theta,-200 50;200 50,750,45,"16.67",289070,g,831,"1",""
7129,"2","","",SHINEd_lemon,SHINEd_pepper,h,test,"",.png,-200 50;200 50,"750",h g,"","","","","",correct: Correct.  They like to play Chess (H).; incorrect: Incorrect.  They like to play Chess (H).,"2000",sameScreen,"","","","14",phi,alpha,-200 50;200 50,748,45,"16.67",293972,h,664,"1",""
7127,"1","","",SHINEd_pepper,SHINEd_melon,h,test,"",.png,-200 50;200 50,"750",h g,"","","","","",correct: Correct.  They like to play Chess (H).; incorrect: Incorrect.  They like to play Chess (H).,"2000",sameScreen,"","","","14",alpha,theta,-200 50;200 50,750,45,"16.67",298952,h,720,"1",""
7140,"3","","",SHINEd_melon,SHINEd_berry2,g,test,"",.png,-200 50;200 50,"750",h g,"","","","","",correct: Correct.  They like to play Go (G).; incorrect: Incorrect.  They like to play Go (G).,"2000",sameScreen,"","","","14",theta,beta,-200 50;200 50,758,45,"16.62",304010,g,804,"1",""
7136,"1","","",SHINEd_melon,SHINEd_pepper,h,test,"",.png,-200 50;200 50,"750",h g,"","","","","",correct: Correct.  They like to play Chess (H).; incorrect: Incorrect.  They like to play Chess (H).,"2000",sameScreen,"","","","14",theta,alpha,-200 50;200 50,755,45,"16.67",308812,h,552,"1",""
7142,"4","","",SHINEd_berry2,SHINEd_lemon,g,test,"",.png,-200 50;200 50,"750",h g,"","","","","",correct: Correct.  They like to play Go (G).; incorrect: Incorrect.  They like to play Go (G).,"2000",sameScreen,"","","","14",beta,phi,-200 50;200 50,750,45,"16.84",313691,g,631,"1",""
7138,"2","","",SHINEd_pepper,SHINEd_lemon,h,test,"",.png,-200 50;200 50,"750",h g,"","","","","",correct: Correct.  They like to play Chess (H).; incorrect: Incorrect.  They like to play Chess (H).,"2000",sameScreen,"","","","14",alpha,phi,-200 50;200 50,750,45,"16.78",318685,h,751,"1",""
7147,"2","","",SHINEd_lemon,SHINEd_pepper,h,test,"",.png,-200 50;200 50,"750",h g,"","","","","",correct: Correct.  They like to play Chess (H).; incorrect: Incorrect.  They like to play Chess (H).,"2000",sameScreen,"","","","14",phi,alpha,-200 50;200 50,750,45,"16.67",323635,h,697,"1",""
7151,"4","","",SHINEd_lemon,SHINEd_berry2,g,test,"",.png,-200 50;200 50,"750",h g,"","","","","",correct: Correct.  They like to play Go (G).; incorrect: Incorrect.  They like to play Go (G).,"2000",sameScreen,"","","","14",phi,beta,-200 50;200 50,752,45,"16.67",329064,g,1171,"1",""
7149,"3","","",SHINEd_berry2,SHINEd_melon,g,test,"",.png,-200 50;200 50,"750",h g,"","","","","",correct: Correct.  They like to play Go (G).; incorrect: Incorrect.  They like to play Go (G).,"2000",sameScreen,"","","","14",beta,theta,-200 50;200 50,750,45,"16.67",334018,g,703,"1",""
7145,"1","","",SHINEd_pepper,SHINEd_melon,h,test,"",.png,-200 50;200 50,"750",h g,"","","","","",correct: Correct.  They like to play Chess (H).; incorrect: Incorrect.  They like to play Chess (H).,"2000",sameScreen,"","","","14",alpha,theta,-200 50;200 50,755,45,"16.71",338963,h,693,"1",""
7155,"1","","",40M_NE_C,20M_AN_C,l,test,"",.png,0 50,"750",l o,"","","","","",correct: Correct.  They like to play Life (L).; incorrect: Incorrect.  They like to play Life (L).,"2000",sameScreen,"","","","14",B1,T1,0 50,0,45,"16.67",710202,l,5155,"1",""
7163,"5","","",26M_AN_C,31M_NE_C,l,test,"",.png,0 50,"750",l o,"","","","","",correct: Correct.  They like to play Life (L).; incorrect: Incorrect.  They like to play Life (L).,"2000",sameScreen,"","","","14",T3,B3,0 50,750,45,"16.78",715581,o,1139,"0",""
7167,"7","","",31M_NE_C,33M_AN_C,o,test,"",.png,0 50,"750",l o,"","","","","",correct: Correct.  They like to play Operation (O).; incorrect: Incorrect.  They like to play Operation (O).,"2000",sameScreen,"","","","14",B3,T4,0 50,750,0,0,720904,l,1074,"0",""
7169,"8","","",33M_AN_C,43M_NE_C,o,test,"",.png,0 50,"750",l o,"","","","","",correct: Correct.  They like to play Operation (O).; incorrect: Incorrect.  They like to play Operation (O).,"2000",sameScreen,"","","","14",T4,B4,0 50,749,45,"16.67",726045,o,895,"1",""
7159,"3","","",20M_AN_C,45M_NE_C,o,test,"",.png,0 50,"750",l o,"","","","","",correct: Correct.  They like to play Operation (O).; incorrect: Incorrect.  They like to play Operation (O).,"2000",sameScreen,"","","","14",T1,B2,0 50,749,45,"16.67",731444,l,1157,"0",""
7165,"6","","",43M_NE_C,26M_AN_C,l,test,"",.png,0 50,"750",l o,"","","","","",correct: Correct.  They like to play Life (L).; incorrect: Incorrect.  They like to play Life (L).,"2000",sameScreen,"","","","14",B4,T3,0 50,751,45,"16.64",736460,l,769,"1",""
7161,"4","","",45M_NE_C,22M_AN_C,o,test,"",.png,0 50,"750",l o,"","","","","",correct: Correct.  They like to play Operation (O).; incorrect: Incorrect.  They like to play Operation (O).,"2000",sameScreen,"","","","14",B2,T2,0 50,750,45,"16.64",742969,o,2254,"1",""
7157,"2","","",22M_AN_C,40M_NE_C,l,test,"",.png,0 50,"750",l o,"","","","","",correct: Correct.  They like to play Life (L).; incorrect: Incorrect.  They like to play Life (L).,"2000",sameScreen,"","","","14",T2,B1,0 50,750,45,"16.69",749039,o,1820,"0",""
7176,"3","","",45M_NE_C,20M_AN_C,o,test,"",.png,0 50,"750",l o,"","","","","",correct: Correct.  They like to play Operation (O).; incorrect: Incorrect.  They like to play Operation (O).,"2000",sameScreen,"","","","14",B2,T1,0 50,750,45,"16.67",754309,o,1019,"1",""
7174,"2","","",40M_NE_C,22M_AN_C,l,test,"",.png,0 50,"750",l o,"","","","","",correct: Correct.  They like to play Life (L).; incorrect: Incorrect.  They like to play Life (L).,"2000",sameScreen,"","","","14",B1,T2,0 50,750,45,"16.67",760803,l,2243,"1",""
7186,"8","","",43M_NE_C,33M_AN_C,o,test,"",.png,0 50,"750",l o,"","","","","",correct: Correct.  They like to play Operation (O).; incorrect: Incorrect.  They like to play Operation (O).,"2000",sameScreen,"","","","14",B4,T4,0 50,751,45,"16.67",768073,o,3025,"1",""
7182,"6","","",26M_AN_C,43M_NE_C,l,test,"",.png,0 50,"750",l o,"","","","","",correct: Correct.  They like to play Life (L).; incorrect: Incorrect.  They like to play Life (L).,"2000",sameScreen,"","","","14",T3,B4,0 50,750,45,"16.67",774500,o,2182,"0",""
7178,"4","","",22M_AN_C,45M_NE_C,o,test,"",.png,0 50,"750",l o,"","","","","",correct: Correct.  They like to play Operation (O).; incorrect: Incorrect.  They like to play Operation (O).,"2000",sameScreen,"","","","14",T2,B2,0 50,750,45,"16.69",779625,o,887,"1",""
7172,"1","","",20M_AN_C,40M_NE_C,l,test,"",.png,0 50,"750",l o,"","","","","",correct: Correct.  They like to play Life (L).; incorrect: Incorrect.  They like to play Life (L).,"2000",sameScreen,"","","","14",T1,B1,0 50,750,45,"16.67",786741,o,2866,"0",""
7184,"7","","",33M_AN_C,31M_NE_C,o,test,"",.png,0 50,"750",l o,"","","","","",correct: Correct.  They like to play Operation (O).; incorrect: Incorrect.  They like to play Operation (O).,"2000",sameScreen,"","","","14",T4,B3,0 50,749,45,"16.67",792269,o,1274,"1",""
7180,"5","","",31M_NE_C,26M_AN_C,l,test,"",.png,0 50,"750",l o,"","","","","",correct: Correct.  They like to play Life (L).; incorrect: Incorrect.  They like to play Life (L).,"2000",sameScreen,"","","","14",B3,T3,0 50,750,45,"16.67",797736,l,1220,"1",""
7195,"4","","",45M_NE_C,22M_AN_C,o,test,"",.png,0 50,"750",l o,"","","","","",correct: Correct.  They like to play Operation (O).; incorrect: Incorrect.  They like to play Operation (O).,"2000",sameScreen,"","","","14",B2,T2,0 50,749,45,"16.64",802584,o,598,"1",""
7201,"7","","",31M_NE_C,33M_AN_C,o,test,"",.png,0 50,"750",l o,"","","","","",correct: Correct.  They like to play Operation (O).; incorrect: Incorrect.  They like to play Operation (O).,"2000",sameScreen,"","","","14",B3,T4,0 50,750,45,"16.67",808178,o,1338,"1",""
7197,"5","","",26M_AN_C,31M_NE_C,l,test,"",.png,0 50,"750",l o,"","","","","",correct: Correct.  They like to play Life (L).; incorrect: Incorrect.  They like to play Life (L).,"2000",sameScreen,"","","","14",T3,B3,0 50,749,45,"16.64",813628,l,1201,"1",""
7199,"6","","",43M_NE_C,26M_AN_C,l,test,"",.png,0 50,"750",l o,"","","","","",correct: Correct.  They like to play Life (L).; incorrect: Incorrect.  They like to play Life (L).,"2000",sameScreen,"","","","14",B4,T3,0 50,749,45,"16.67",820920,o,3038,"0",""
7191,"2","","",22M_AN_C,40M_NE_C,l,test,"",.png,0 50,"750",l o,"","","","","",correct: Correct.  They like to play Life (L).; incorrect: Incorrect.  They like to play Life (L).,"2000",sameScreen,"","","","14",T2,B1,0 50,750,45,"16.64",827775,o,2605,"0",""
7193,"3","","",20M_AN_C,45M_NE_C,o,test,"",.png,0 50,"750",l o,"","","","","",correct: Correct.  They like to play Operation (O).; incorrect: Incorrect.  They like to play Operation (O).,"2000",sameScreen,"","","","14",T1,B2,0 50,750,45,"16.64",832834,o,810,"1",""
7189,"1","","",40M_NE_C,20M_AN_C,l,test,"",.png,0 50,"750",l o,"","","","","",correct: Correct.  They like to play Life (L).; incorrect: Incorrect.  They like to play Life (L).,"2000",sameScreen,"","","","14",B1,T1,0 50,750,45,"16.67",838473,o,1395,"0",""
7203,"8","","",33M_AN_C,43M_NE_C,o,test,"",.png,0 50,"750",l o,"","","","","",correct: Correct.  They like to play Operation (O).; incorrect: Incorrect.  They like to play Operation (O).,"2000",sameScreen,"","","","14",T4,B4,0 50,751,45,"16.67",843892,o,1176,"1",""
7208,"2","","",40M_NE_C,22M_AN_C,l,test,"",.png,0 50,"750",l o,"","","","","",correct: Correct.  They like to play Life (L).; incorrect: Incorrect.  They like to play Life (L).,"2000",sameScreen,"","","","14",B1,T2,0 50,748,45,"16.67",849576,l,1441,"1",""
7210,"3","","",45M_NE_C,20M_AN_C,o,test,"",.png,0 50,"750",l o,"","","","","",correct: Correct.  They like to play Operation (O).; incorrect: Incorrect.  They like to play Operation (O).,"2000",sameScreen,"","","","14",B2,T1,0 50,750,45,"16.69",854389,o,565,"1",""
7214,"5","","",31M_NE_C,26M_AN_C,l,test,"",.png,0 50,"750",l o,"","","","","",correct: Correct.  They like to play Life (L).; incorrect: Incorrect.  They like to play Life (L).,"2000",sameScreen,"","","","14",B3,T3,0 50,750,45,"16.62",859670,o,1024,"0",""
7206,"1","","",20M_AN_C,40M_NE_C,l,test,"",.png,0 50,"750",l o,"","","","","",correct: Correct.  They like to play Life (L).; incorrect: Incorrect.  They like to play Life (L).,"2000",sameScreen,"","","","14",T1,B1,0 50,751,45,"16.67",865324,l,1407,"1",""
7220,"8","","",43M_NE_C,33M_AN_C,o,test,"",.png,0 50,"750",l o,"","","","","",correct: Correct.  They like to play Operation (O).; incorrect: Incorrect.  They like to play Operation (O).,"2000",sameScreen,"","","","14",B4,T4,0 50,750,45,"16.67",870811,o,1240,"1",""
7216,"6","","",26M_AN_C,43M_NE_C,l,test,"",.png,0 50,"750",l o,"","","","","",correct: Correct.  They like to play Life (L).; incorrect: Incorrect.  They like to play Life (L).,"2000",sameScreen,"","","","14",T3,B4,0 50,750,45,"16.69",877601,l,2542,"1",""
7212,"4","","",22M_AN_C,45M_NE_C,o,test,"",.png,0 50,"750",l o,"","","","","",correct: Correct.  They like to play Operation (O).; incorrect: Incorrect.  They like to play Operation (O).,"2000",sameScreen,"","","","14",T2,B2,0 50,751,45,"16.67",882493,o,646,"1",""
7218,"7","","",33M_AN_C,31M_NE_C,o,test,"",.png,0 50,"750",l o,"","","","","",correct: Correct.  They like to play Operation (O).; incorrect: Incorrect.  They like to play Operation (O).,"2000",sameScreen,"","","","14",T4,B3,0 50,753,45,"16.67",887775,o,1025,"1",""
7231,"5","","",26M_AN_C,31M_NE_C,l,test,"",.png,0 50,"750",l o,"","","","","",correct: Correct.  They like to play Life (L).; incorrect: Incorrect.  They like to play Life (L).,"2000",sameScreen,"","","","14",T3,B3,0 50,754,45,"16.69",892549,l,527,"1",""
7235,"7","","",31M_NE_C,33M_AN_C,o,test,"",.png,0 50,"750",l o,"","","","","",correct: Correct.  They like to play Operation (O).; incorrect: Incorrect.  They like to play Operation (O).,"2000",sameScreen,"","","","14",B3,T4,0 50,750,45,"16.73",897802,o,1011,"1",""
7233,"6","","",43M_NE_C,26M_AN_C,l,test,"",.png,0 50,"750",l o,"","","","","",correct: Correct.  They like to play Life (L).; incorrect: Incorrect.  They like to play Life (L).,"2000",sameScreen,"","","","14",B4,T3,0 50,748,45,"16.76",903224,l,1180,"1",""
7223,"1","","",40M_NE_C,20M_AN_C,l,test,"",.png,0 50,"750",l o,"","","","","",correct: Correct.  They like to play Life (L).; incorrect: Incorrect.  They like to play Life (L).,"2000",sameScreen,"","","","14",B1,T1,0 50,750,45,"16.67",908653,l,1185,"1",""
7225,"2","","",22M_AN_C,40M_NE_C,l,test,"",.png,0 50,"750",l o,"","","","","",correct: Correct.  They like to play Life (L).; incorrect: Incorrect.  They like to play Life (L).,"2000",sameScreen,"","","","14",T2,B1,0 50,750,45,"16.62",913887,l,997,"1",""
7227,"3","","",20M_AN_C,45M_NE_C,o,test,"",.png,0 50,"750",l o,"","","","","",correct: Correct.  They like to play Operation (O).; incorrect: Incorrect.  They like to play Operation (O).,"2000",sameScreen,"","","","14",T1,B2,0 50,750,45,"16.67",918799,o,671,"1",""
7237,"8","","",33M_AN_C,43M_NE_C,o,test,"",.png,0 50,"750",l o,"","","","","",correct: Correct.  They like to play Operation (O).; incorrect: Incorrect.  They like to play Operation (O).,"2000",sameScreen,"","","","14",T4,B4,0 50,750,45,"16.67",925914,o,2865,"1",""
7229,"4","","",45M_NE_C,22M_AN_C,o,test,"",.png,0 50,"750",l o,"","","","","",correct: Correct.  They like to play Operation (O).; incorrect: Incorrect.  They like to play Operation (O).,"2000",sameScreen,"","","","14",B2,T2,0 50,750,45,"16.67",930849,o,696,"1",""
7242,"2","","",40M_NE_C,22M_AN_C,l,test,"",.png,0 50,"750",l o,"","","","","",correct: Correct.  They like to play Life (L).; incorrect: Incorrect.  They like to play Life (L).,"2000",sameScreen,"","","","14",B1,T2,0 50,750,45,"16.67",936299,l,1189,"1",""
7248,"5","","",31M_NE_C,26M_AN_C,l,test,"",.png,0 50,"750",l o,"","","","","",correct: Correct.  They like to play Life (L).; incorrect: Incorrect.  They like to play Life (L).,"2000",sameScreen,"","","","14",B3,T3,0 50,750,45,"16.67",941404,l,855,"1",""
7244,"3","","",45M_NE_C,20M_AN_C,o,test,"",.png,0 50,"750",l o,"","","","","",correct: Correct.  They like to play Operation (O).; incorrect: Incorrect.  They like to play Operation (O).,"2000",sameScreen,"","","","14",B2,T1,0 50,750,45,"16.67",946210,o,556,"1",""
7252,"7","","",33M_AN_C,31M_NE_C,o,test,"",.png,0 50,"750",l o,"","","","","",correct: Correct.  They like to play Operation (O).; incorrect: Incorrect.  They like to play Operation (O).,"2000",sameScreen,"","","","14",T4,B3,0 50,750,45,"16.67",951192,o,733,"1",""
7246,"4","","",22M_AN_C,45M_NE_C,o,test,"",.png,0 50,"750",l o,"","","","","",correct: Correct.  They like to play Operation (O).; incorrect: Incorrect.  They like to play Operation (O).,"2000",sameScreen,"","","","14",T2,B2,0 50,757,45,"16.67",956235,o,786,"1",""
7254,"8","","",43M_NE_C,33M_AN_C,o,test,"",.png,0 50,"750",l o,"","","","","",correct: Correct.  They like to play Operation (O).; incorrect: Incorrect.  They like to play Operation (O).,"2000",sameScreen,"","","","14",B4,T4,0 50,756,45,"16.67",962747,o,2261,"1",""
7250,"6","","",26M_AN_C,43M_NE_C,l,test,"",.png,0 50,"750",l o,"","","","","",correct: Correct.  They like to play Life (L).; incorrect: Incorrect.  They like to play Life (L).,"2000",sameScreen,"","","","14",T3,B4,0 50,750,45,"16.82",967496,l,518,"1",""
7240,"1","","",20M_AN_C,40M_NE_C,l,test,"",.png,0 50,"750",l o,"","","","","",correct: Correct.  They like to play Life (L).; incorrect: Incorrect.  They like to play Life (L).,"2000",sameScreen,"","","","14",T1,B1,0 50,757,45,"16.80",973514,o,1762,"0",""
7259,"2","","",22M_AN_C,40M_NE_C,l,test,"",.png,0 50,"750",l o,"","","","","",correct: Correct.  They like to play Life (L).; incorrect: Incorrect.  They like to play Life (L).,"2000",sameScreen,"","","","14",T2,B1,0 50,755,45,"16.67",978629,l,858,"1",""
7263,"4","","",45M_NE_C,22M_AN_C,o,test,"",.png,0 50,"750",l o,"","","","","",correct: Correct.  They like to play Operation (O).; incorrect: Incorrect.  They like to play Operation (O).,"2000",sameScreen,"","","","14",B2,T2,0 50,755,45,"16.82",983494,o,617,"1",""
7271,"8","","",33M_AN_C,43M_NE_C,o,test,"",.png,0 50,"750",l o,"","","","","",correct: Correct.  They like to play Operation (O).; incorrect: Incorrect.  They like to play Operation (O).,"2000",sameScreen,"","","","14",T4,B4,0 50,750,45,"16.78",989118,o,1373,"1",""
7267,"6","","",43M_NE_C,26M_AN_C,l,test,"",.png,0 50,"750",l o,"","","","","",correct: Correct.  They like to play Life (L).; incorrect: Incorrect.  They like to play Life (L).,"2000",sameScreen,"","","","14",B4,T3,0 50,750,45,"16.78",994211,l,842,"1",""
7257,"1","","",40M_NE_C,20M_AN_C,l,test,"",.png,0 50,"750",l o,"","","","","",correct: Correct.  They like to play Life (L).; incorrect: Incorrect.  They like to play Life (L).,"2000",sameScreen,"","","","14",B1,T1,0 50,750,45,"16.67",999954,l,1494,"1",""
7269,"7","","",31M_NE_C,33M_AN_C,o,test,"",.png,0 50,"750",l o,"","","","","",correct: Correct.  They like to play Operation (O).; incorrect: Incorrect.  They like to play Operation (O).,"2000",sameScreen,"","","","14",B3,T4,0 50,757,45,"16.67",1005065,o,858,"1",""
7261,"3","","",20M_AN_C,45M_NE_C,o,test,"",.png,0 50,"750",l o,"","","","","",correct: Correct.  They like to play Operation (O).; incorrect: Incorrect.  They like to play Operation (O).,"2000",sameScreen,"","","","14",T1,B2,0 50,757,45,"16.67",1009834,o,520,"1",""
7265,"5","","",26M_AN_C,31M_NE_C,l,test,"",.png,0 50,"750",l o,"","","","","",correct: Correct.  They like to play Life (L).; incorrect: Incorrect.  They like to play Life (L).,"2000",sameScreen,"","","","14",T3,B3,0 50,752,45,"16.82",1014766,l,685,"1",""
7286,"7","","",33M_AN_C,31M_NE_C,o,test,"",.png,0 50,"750",l o,"","","","","",correct: Correct.  They like to play Operation (O).; incorrect: Incorrect.  They like to play Operation (O).,"2000",sameScreen,"","","","14",T4,B3,0 50,750,45,"16.82",1019844,o,823,"1",""
7284,"6","","",26M_AN_C,43M_NE_C,l,test,"",.png,0 50,"750",l o,"","","","","",correct: Correct.  They like to play Life (L).; incorrect: Incorrect.  They like to play Life (L).,"2000",sameScreen,"","","","14",T3,B4,0 50,752,45,"16.71",1024873,l,779,"1",""
7276,"2","","",40M_NE_C,22M_AN_C,l,test,"",.png,0 50,"750",l o,"","","","","",correct: Correct.  They like to play Life (L).; incorrect: Incorrect.  They like to play Life (L).,"2000",sameScreen,"","","","14",B1,T2,0 50,750,45,"16.67",1030207,l,1092,"1",""
7288,"8","","",43M_NE_C,33M_AN_C,o,test,"",.png,0 50,"750",l o,"","","","","",correct: Correct.  They like to play Operation (O).; incorrect: Incorrect.  They like to play Operation (O).,"2000",sameScreen,"","","","14",B4,T4,0 50,749,45,"16.71",1036430,o,1978,"1",""
7282,"5","","",31M_NE_C,26M_AN_C,l,test,"",.png,0 50,"750",l o,"","","","","",correct: Correct.  They like to play Life (L).; incorrect: Incorrect.  They like to play Life (L).,"2000",sameScreen,"","","","14",B3,T3,0 50,750,45,"16.67",1041439,l,763,"1",""
7274,"1","","",20M_AN_C,40M_NE_C,l,test,"",.png,0 50,"750",l o,"","","","","",correct: Correct.  They like to play Life (L).; incorrect: Incorrect.  They like to play Life (L).,"2000",sameScreen,"","","","14",T1,B1,0 50,750,45,"16.64",1047300,l,1620,"1",""
7280,"4","","",22M_AN_C,45M_NE_C,o,test,"",.png,0 50,"750",l o,"","","","","",correct: Correct.  They like to play Operation (O).; incorrect: Incorrect.  They like to play Operation (O).,"2000",sameScreen,"","","","14",T2,B2,0 50,748,45,"16.67",1052208,o,659,"1",""
7278,"3","","",45M_NE_C,20M_AN_C,o,test,"",.png,0 50,"750",l o,"","","","","",correct: Correct.  They like to play Operation (O).; incorrect: Incorrect.  They like to play Operation (O).,"2000",sameScreen,"","","","14",B2,T1,0 50,752,45,"16.67",1057503,o,1047,"1",""
7301,"6","","",43M_NE_C,26M_AN_C,l,test,"",.png,0 50,"750",l o,"","","","","",correct: Correct.  They like to play Life (L).; incorrect: Incorrect.  They like to play Life (L).,"2000",sameScreen,"","","","14",B4,T3,0 50,750,45,"16.62",1062227,l,466,"1",""
7303,"7","","",31M_NE_C,33M_AN_C,o,test,"",.png,0 50,"750",l o,"","","","","",correct: Correct.  They like to play Operation (O).; incorrect: Incorrect.  They like to play Operation (O).,"2000",sameScreen,"","","","14",B3,T4,0 50,757,45,"16.71",1067248,o,763,"1",""
7299,"5","","",26M_AN_C,31M_NE_C,l,test,"",.png,0 50,"750",l o,"","","","","",correct: Correct.  They like to play Life (L).; incorrect: Incorrect.  They like to play Life (L).,"2000",sameScreen,"","","","14",T3,B3,0 50,757,45,"16.67",1072166,l,658,"1",""
7291,"1","","",40M_NE_C,20M_AN_C,l,test,"",.png,0 50,"750",l o,"","","","","",correct: Correct.  They like to play Life (L).; incorrect: Incorrect.  They like to play Life (L).,"2000",sameScreen,"","","","14",B1,T1,0 50,748,45,"16.82",1077290,l,884,"1",""
7297,"4","","",45M_NE_C,22M_AN_C,o,test,"",.png,0 50,"750",l o,"","","","","",correct: Correct.  They like to play Operation (O).; incorrect: Incorrect.  They like to play Operation (O).,"2000",sameScreen,"","","","14",B2,T2,0 50,750,45,"16.82",1082340,o,810,"1",""
7293,"2","","",22M_AN_C,40M_NE_C,l,test,"",.png,0 50,"750",l o,"","","","","",correct: Correct.  They like to play Life (L).; incorrect: Incorrect.  They like to play Life (L).,"2000",sameScreen,"","","","14",T2,B1,0 50,750,45,"16.62",1088131,l,1544,"1",""
7295,"3","","",20M_AN_C,45M_NE_C,o,test,"",.png,0 50,"750",l o,"","","","","",correct: Correct.  They like to play Operation (O).; incorrect: Incorrect.  They like to play Operation (O).,"2000",sameScreen,"","","","14",T1,B2,0 50,757,45,"16.67",1093565,o,1182,"1",""
7305,"8","","",33M_AN_C,43M_NE_C,o,test,"",.png,0 50,"750",l o,"","","","","",correct: Correct.  They like to play Operation (O).; incorrect: Incorrect.  They like to play Operation (O).,"2000",sameScreen,"","","","14",T4,B4,0 50,754,45,"16.67",1098876,o,1054,"1",""
7318,"6","","",26M_AN_C,43M_NE_C,l,test,"",.png,0 50,"750",l o,"","","","","",correct: Correct.  They like to play Life (L).; incorrect: Incorrect.  They like to play Life (L).,"2000",sameScreen,"","","","14",T3,B4,0 50,756,45,"16.82",1103860,l,732,"1",""
7314,"4","","",22M_AN_C,45M_NE_C,o,test,"",.png,0 50,"750",l o,"","","","","",correct: Correct.  They like to play Operation (O).; incorrect: Incorrect.  They like to play Operation (O).,"2000",sameScreen,"","","","14",T2,B2,0 50,757,45,"16.76",1108762,o,642,"1",""
7322,"8","","",43M_NE_C,33M_AN_C,o,test,"",.png,0 50,"750",l o,"","","","","",correct: Correct.  They like to play Operation (O).; incorrect: Incorrect.  They like to play Operation (O).,"2000",sameScreen,"","","","14",B4,T4,0 50,748,45,"16.80",1114095,o,1094,"1",""
7310,"2","","",40M_NE_C,22M_AN_C,l,test,"",.png,0 50,"750",l o,"","","","","",correct: Correct.  They like to play Life (L).; incorrect: Incorrect.  They like to play Life (L).,"2000",sameScreen,"","","","14",B1,T2,0 50,752,45,"16.82",1120720,l,2378,"1",""
7320,"7","","",33M_AN_C,31M_NE_C,o,test,"",.png,0 50,"750",l o,"","","","","",correct: Correct.  They like to play Operation (O).; incorrect: Incorrect.  They like to play Operation (O).,"2000",sameScreen,"","","","14",T4,B3,0 50,757,45,"16.62",1125930,o,957,"1",""
7312,"3","","",45M_NE_C,20M_AN_C,o,test,"",.png,0 50,"750",l o,"","","","","",correct: Correct.  They like to play Operation (O).; incorrect: Incorrect.  They like to play Operation (O).,"2000",sameScreen,"","","","14",B2,T1,0 50,757,45,"16.71",1130825,o,645,"1",""
7308,"1","","",20M_AN_C,40M_NE_C,l,test,"",.png,0 50,"750",l o,"","","","","",correct: Correct.  They like to play Life (L).; incorrect: Incorrect.  They like to play Life (L).,"2000",sameScreen,"","","","14",T1,B1,0 50,750,45,"16.82",1136441,l,1361,"1",""
7316,"5","","",31M_NE_C,26M_AN_C,l,test,"",.png,0 50,"750",l o,"","","","","",correct: Correct.  They like to play Life (L).; incorrect: Incorrect.  They like to play Life (L).,"2000",sameScreen,"","","","14",B3,T3,0 50,750,45,"16.82",1141453,l,766,"1",""
7339,"8","","",33M_AN_C,43M_NE_C,o,test,"",.png,0 50,"750",l o,"","","","","",correct: Correct.  They like to play Operation (O).; incorrect: Incorrect.  They like to play Operation (O).,"2000",sameScreen,"","","","14",T4,B4,0 50,748,45,"16.67",1146870,o,1178,"1",""
7329,"3","","",20M_AN_C,45M_NE_C,o,test,"",.png,0 50,"750",l o,"","","","","",correct: Correct.  They like to play Operation (O).; incorrect: Incorrect.  They like to play Operation (O).,"2000",sameScreen,"","","","14",T1,B2,0 50,748,45,"16.67",1152091,o,977,"1",""
7333,"5","","",26M_AN_C,31M_NE_C,l,test,"",.png,0 50,"750",l o,"","","","","",correct: Correct.  They like to play Life (L).; incorrect: Incorrect.  They like to play Life (L).,"2000",sameScreen,"","","","14",T3,B3,0 50,750,45,"16.62",1157046,l,706,"1",""
7335,"6","","",43M_NE_C,26M_AN_C,l,test,"",.png,0 50,"750",l o,"","","","","",correct: Correct.  They like to play Life (L).; incorrect: Incorrect.  They like to play Life (L).,"2000",sameScreen,"","","","14",B4,T3,0 50,750,45,"16.62",1162017,l,720,"1",""
7325,"1","","",40M_NE_C,20M_AN_C,l,test,"",.png,0 50,"750",l o,"","","","","",correct: Correct.  They like to play Life (L).; incorrect: Incorrect.  They like to play Life (L).,"2000",sameScreen,"","","","14",B1,T1,0 50,750,45,"16.67",1167538,l,1270,"1",""
7337,"7","","",31M_NE_C,33M_AN_C,o,test,"",.png,0 50,"750",l o,"","","","","",correct: Correct.  They like to play Operation (O).; incorrect: Incorrect.  They like to play Operation (O).,"2000",sameScreen,"","","","14",B3,T4,0 50,748,45,"16.67",1172816,o,1029,"1",""
7327,"2","","",22M_AN_C,40M_NE_C,l,test,"",.png,0 50,"750",l o,"","","","","",correct: Correct.  They like to play Life (L).; incorrect: Incorrect.  They like to play Life (L).,"2000",sameScreen,"","","","14",T2,B1,0 50,752,45,"16.67",1178004,l,945,"1",""
7331,"4","","",45M_NE_C,22M_AN_C,o,test,"",.png,0 50,"750",l o,"","","","","",correct: Correct.  They like to play Operation (O).; incorrect: Incorrect.  They like to play Operation (O).,"2000",sameScreen,"","","","14",B2,T2,0 50,748,45,"16.62",1183212,o,968,"1",""
7352,"6","","",26M_AN_C,43M_NE_C,l,test,"",.png,0 50,"750",l o,"","","","","",correct: Correct.  They like to play Life (L).; incorrect: Incorrect.  They like to play Life (L).,"2000",sameScreen,"","","","14",T3,B4,0 50,750,45,"16.71",1188120,l,669,"1",""
7346,"3","","",45M_NE_C,20M_AN_C,o,test,"",.png,0 50,"750",l o,"","","","","",correct: Correct.  They like to play Operation (O).; incorrect: Incorrect.  They like to play Operation (O).,"2000",sameScreen,"","","","14",B2,T1,0 50,748,45,"16.62",1193648,o,1278,"1",""
7356,"8","","",43M_NE_C,33M_AN_C,o,test,"",.png,0 50,"750",l o,"","","","","",correct: Correct.  They like to play Operation (O).; incorrect: Incorrect.  They like to play Operation (O).,"2000",sameScreen,"","","","14",B4,T4,0 50,748,45,"16.67",1198587,o,695,"1",""
7350,"5","","",31M_NE_C,26M_AN_C,l,test,"",.png,0 50,"750",l o,"","","","","",correct: Correct.  They like to play Life (L).; incorrect: Incorrect.  They like to play Life (L).,"2000",sameScreen,"","","","14",B3,T3,0 50,755,45,"16.62",1203739,l,909,"1",""
7342,"1","","",20M_AN_C,40M_NE_C,l,test,"",.png,0 50,"750",l o,"","","","","",correct: Correct.  They like to play Life (L).; incorrect: Incorrect.  They like to play Life (L).,"2000",sameScreen,"","","","14",T1,B1,0 50,756,45,"16.62",1208899,l,911,"1",""
7348,"4","","",22M_AN_C,45M_NE_C,o,test,"",.png,0 50,"750",l o,"","","","","",correct: Correct.  They like to play Operation (O).; incorrect: Incorrect.  They like to play Operation (O).,"2000",sameScreen,"","","","14",T2,B2,0 50,756,45,"16.78",1213704,o,562,"1",""
7354,"7","","",33M_AN_C,31M_NE_C,o,test,"",.png,0 50,"750",l o,"","","","","",correct: Correct.  They like to play Operation (O).; incorrect: Incorrect.  They like to play Operation (O).,"2000",sameScreen,"","","","14",T4,B3,0 50,750,45,"16.80",1218769,o,811,"1",""
7344,"2","","",40M_NE_C,22M_AN_C,l,test,"",.png,0 50,"750",l o,"","","","","",correct: Correct.  They like to play Life (L).; incorrect: Incorrect.  They like to play Life (L).,"2000",sameScreen,"","","","14",B1,T2,0 50,752,45,"16.80",1224290,l,1275,"1",""
7366,"4","","",22M_AN_C,45M_NE_C,r,test,"",.png,0 50,"750",s r,"","","","","",correct: Correct.  They like to play Risk (R).; incorrect: Incorrect.  They like to play Risk (R).,"2000",sameScreen,"","","","14",T2,B2,0 50,747,45,"16.67",1243741,r,3140,"1",""
7364,"3","","",40M_NE_C,20M_AN_C,s,test,"",.png,0 50,"750",s r,"","","","","",correct: Correct.  They like to play Stratego (S).; incorrect: Incorrect.  They like to play Stratego (S).,"2000",sameScreen,"","","","14",B1,T1,0 50,752,45,"16.71",1248877,s,882,"1",""
7370,"6","","",33M_AN_C,43M_NE_C,r,test,"",.png,0 50,"750",s r,"","","","","",correct: Correct.  They like to play Risk (R).; incorrect: Incorrect.  They like to play Risk (R).,"2000",sameScreen,"","","","14",T4,B4,0 50,752,45,"16.60",1254380,r,1264,"1",""
7360,"1","","",27M_NE_C,34M_AN_C,s,test,"",.png,0 50,"750",s r,"","","","","",correct: Correct.  They like to play Stratego (S).; incorrect: Incorrect.  They like to play Stratego (S).,"2000",sameScreen,"","","","14",B5,T5,0 50,750,45,"16.71",1260962,s,2325,"1",""
7362,"2","","",36M_AN_C,37M_NE_C,r,test,"",.png,0 50,"750",s r,"","","","","",correct: Correct.  They like to play Risk (R).; incorrect: Incorrect.  They like to play Risk (R).,"2000",sameScreen,"","","","14",T6,B6,0 50,748,45,"16.71",1267345,r,2139,"1",""
7368,"5","","",31M_NE_C,26M_AN_C,s,test,"",.png,0 50,"750",s r,"","","","","",correct: Correct.  They like to play Stratego (S).; incorrect: Incorrect.  They like to play Stratego (S).,"2000",sameScreen,"","","","14",B3,T3,0 50,750,45,"16.67",1273375,s,1781,"1",""
7377,"3","","",20M_AN_C,40M_NE_C,s,test,"",.png,0 50,"750",s r,"","","","","",correct: Correct.  They like to play Stratego (S).; incorrect: Incorrect.  They like to play Stratego (S).,"2000",sameScreen,"","","","14",T1,B1,0 50,750,45,"16.62",1278601,s,985,"1",""
7375,"2","","",37M_NE_C,36M_AN_C,r,test,"",.png,0 50,"750",s r,"","","","","",correct: Correct.  They like to play Risk (R).; incorrect: Incorrect.  They like to play Risk (R).,"2000",sameScreen,"","","","14",B6,T6,0 50,750,45,"16.67",1285188,r,2334,"1",""
7373,"1","","",34M_AN_C,27M_NE_C,s,test,"",.png,0 50,"750",s r,"","","","","",correct: Correct.  They like to play Stratego (S).; incorrect: Incorrect.  They like to play Stratego (S).,"2000",sameScreen,"","","","14",T5,B5,0 50,752,45,"16.67",1290582,s,1140,"1",""
7379,"4","","",45M_NE_C,22M_AN_C,r,test,"",.png,0 50,"750",s r,"","","","","",correct: Correct.  They like to play Risk (R).; incorrect: Incorrect.  They like to play Risk (R).,"2000",sameScreen,"","","","14",B2,T2,0 50,749,45,"16.67",1295541,r,710,"1",""
7383,"6","","",43M_NE_C,33M_AN_C,r,test,"",.png,0 50,"750",s r,"","","","","",correct: Correct.  They like to play Risk (R).; incorrect: Incorrect.  They like to play Risk (R).,"2000",sameScreen,"","","","14",B4,T4,0 50,750,45,"16.71",1300501,r,713,"1",""
7381,"5","","",26M_AN_C,31M_NE_C,s,test,"",.png,0 50,"750",s r,"","","","","",correct: Correct.  They like to play Stratego (S).; incorrect: Incorrect.  They like to play Stratego (S).,"2000",sameScreen,"","","","14",T3,B3,0 50,743,45,"16.64",1305956,s,1210,"1",""
7386,"1","","",27M_NE_C,34M_AN_C,s,test,"",.png,0 50,"750",s r,"","","","","",correct: Correct.  They like to play Stratego (S).; incorrect: Incorrect.  They like to play Stratego (S).,"2000",sameScreen,"","","","14",B5,T5,0 50,758,45,"16.67",1312226,s,2025,"1",""
7390,"3","","",40M_NE_C,20M_AN_C,s,test,"",.png,0 50,"750",s r,"","","","","",correct: Correct.  They like to play Stratego (S).; incorrect: Incorrect.  They like to play Stratego (S).,"2000",sameScreen,"","","","14",B1,T1,0 50,756,44,"16.89",1317445,s,972,"1",""
7394,"5","","",31M_NE_C,26M_AN_C,s,test,"",.png,0 50,"750",s r,"","","","","",correct: Correct.  They like to play Stratego (S).; incorrect: Incorrect.  They like to play Stratego (S).,"2000",sameScreen,"","","","14",B3,T3,0 50,755,45,"16.84",1322350,s,654,"1",""
7392,"4","","",22M_AN_C,45M_NE_C,r,test,"",.png,0 50,"750",s r,"","","","","",correct: Correct.  They like to play Risk (R).; incorrect: Incorrect.  They like to play Risk (R).,"2000",sameScreen,"","","","14",T2,B2,0 50,750,45,"16.80",1327109,r,511,"1",""
7388,"2","","",36M_AN_C,37M_NE_C,r,test,"",.png,0 50,"750",s r,"","","","","",correct: Correct.  They like to play Risk (R).; incorrect: Incorrect.  They like to play Risk (R).,"2000",sameScreen,"","","","14",T6,B6,0 50,748,45,"16.78",1332957,r,1606,"1",""
7396,"6","","",33M_AN_C,43M_NE_C,r,test,"",.png,0 50,"750",s r,"","","","","",correct: Correct.  They like to play Risk (R).; incorrect: Incorrect.  They like to play Risk (R).,"2000",sameScreen,"","","","14",T4,B4,0 50,750,45,"16.67",1337925,r,717,"1",""
7405,"4","","",45M_NE_C,22M_AN_C,r,test,"",.png,0 50,"750",s r,"","","","","",correct: Correct.  They like to play Risk (R).; incorrect: Incorrect.  They like to play Risk (R).,"2000",sameScreen,"","","","14",B2,T2,0 50,750,45,"16.62",1343354,r,1175,"1",""
7401,"2","","",37M_NE_C,36M_AN_C,r,test,"",.png,0 50,"750",s r,"","","","","",correct: Correct.  They like to play Risk (R).; incorrect: Incorrect.  They like to play Risk (R).,"2000",sameScreen,"","","","14",B6,T6,0 50,750,45,"16.67",1348510,r,924,"1",""
7399,"1","","",34M_AN_C,27M_NE_C,s,test,"",.png,0 50,"750",s r,"","","","","",correct: Correct.  They like to play Stratego (S).; incorrect: Incorrect.  They like to play Stratego (S).,"2000",sameScreen,"","","","14",T5,B5,0 50,750,45,"16.67",1353876,s,1116,"1",""
7407,"5","","",26M_AN_C,31M_NE_C,s,test,"",.png,0 50,"750",s r,"","","","","",correct: Correct.  They like to play Stratego (S).; incorrect: Incorrect.  They like to play Stratego (S).,"2000",sameScreen,"","","","14",T3,B3,0 50,750,45,"16.67",1358829,s,699,"1",""
7403,"3","","",20M_AN_C,40M_NE_C,s,test,"",.png,0 50,"750",s r,"","","","","",correct: Correct.  They like to play Stratego (S).; incorrect: Incorrect.  They like to play Stratego (S).,"2000",sameScreen,"","","","14",T1,B1,0 50,758,45,"16.67",1364202,s,1115,"1",""
7409,"6","","",43M_NE_C,33M_AN_C,r,test,"",.png,0 50,"750",s r,"","","","","",correct: Correct.  They like to play Risk (R).; incorrect: Incorrect.  They like to play Risk (R).,"2000",sameScreen,"","","","14",B4,T4,0 50,757,45,"16.67",1369540,r,1080,"1",""
7414,"2","","",36M_AN_C,37M_NE_C,r,test,"",.png,0 50,"750",s r,"","","","","",correct: Correct.  They like to play Risk (R).; incorrect: Incorrect.  They like to play Risk (R).,"2000",sameScreen,"","","","14",T6,B6,0 50,757,45,"16.84",1374906,r,1105,"1",""
7422,"6","","",33M_AN_C,43M_NE_C,r,test,"",.png,0 50,"750",s r,"","","","","",correct: Correct.  They like to play Risk (R).; incorrect: Incorrect.  They like to play Risk (R).,"2000",sameScreen,"","","","14",T4,B4,0 50,757,45,"16.82",1380028,r,870,"1",""
7416,"3","","",40M_NE_C,20M_AN_C,s,test,"",.png,0 50,"750",s r,"","","","","",correct: Correct.  They like to play Stratego (S).; incorrect: Incorrect.  They like to play Stratego (S).,"2000",sameScreen,"","","","14",B1,T1,0 50,755,45,"16.82",1384978,s,699,"1",""
7420,"5","","",31M_NE_C,26M_AN_C,s,test,"",.png,0 50,"750",s r,"","","","","",correct: Correct.  They like to play Stratego (S).; incorrect: Incorrect.  They like to play Stratego (S).,"2000",sameScreen,"","","","14",B3,T3,0 50,750,45,"16.82",1389938,s,707,"1",""
7418,"4","","",22M_AN_C,45M_NE_C,r,test,"",.png,0 50,"750",s r,"","","","","",correct: Correct.  They like to play Risk (R).; incorrect: Incorrect.  They like to play Risk (R).,"2000",sameScreen,"","","","14",T2,B2,0 50,750,45,"16.78",1394791,r,603,"1",""
7412,"1","","",27M_NE_C,34M_AN_C,s,test,"",.png,0 50,"750",s r,"","","","","",correct: Correct.  They like to play Stratego (S).; incorrect: Incorrect.  They like to play Stratego (S).,"2000",sameScreen,"","","","14",B5,T5,0 50,750,45,"16.67",1400511,s,1468,"1",""
7427,"2","","",37M_NE_C,36M_AN_C,r,test,"",.png,0 50,"750",s r,"","","","","",correct: Correct.  They like to play Risk (R).; incorrect: Incorrect.  They like to play Risk (R).,"2000",sameScreen,"","","","14",B6,T6,0 50,750,45,"16.67",1406627,r,1864,"1",""
7425,"1","","",34M_AN_C,27M_NE_C,s,test,"",.png,0 50,"750",s r,"","","","","",correct: Correct.  They like to play Stratego (S).; incorrect: Incorrect.  They like to play Stratego (S).,"2000",sameScreen,"","","","14",T5,B5,0 50,748,45,"16.67",1411814,s,949,"1",""
7429,"3","","",20M_AN_C,40M_NE_C,s,test,"",.png,0 50,"750",s r,"","","","","",correct: Correct.  They like to play Stratego (S).; incorrect: Incorrect.  They like to play Stratego (S).,"2000",sameScreen,"","","","14",T1,B1,0 50,750,45,"16.67",1416644,s,590,"1",""
7431,"4","","",45M_NE_C,22M_AN_C,r,test,"",.png,0 50,"750",s r,"","","","","",correct: Correct.  They like to play Risk (R).; incorrect: Incorrect.  They like to play Risk (R).,"2000",sameScreen,"","","","14",B2,T2,0 50,748,45,"16.62",1421684,r,792,"1",""
7433,"5","","",26M_AN_C,31M_NE_C,s,test,"",.png,0 50,"750",s r,"","","","","",correct: Correct.  They like to play Stratego (S).; incorrect: Incorrect.  They like to play Stratego (S).,"2000",sameScreen,"","","","14",T3,B3,0 50,750,45,"16.67",1426536,s,603,"1",""
7435,"6","","",43M_NE_C,33M_AN_C,r,test,"",.png,0 50,"750",s r,"","","","","",correct: Correct.  They like to play Risk (R).; incorrect: Incorrect.  They like to play Risk (R).,"2000",sameScreen,"","","","14",B4,T4,0 50,755,45,"16.62",1431406,r,618,"1",""
7446,"5","","",31M_NE_C,26M_AN_C,s,test,"",.png,0 50,"750",s r,"","","","","",correct: Correct.  They like to play Stratego (S).; incorrect: Incorrect.  They like to play Stratego (S).,"2000",sameScreen,"","","","14",B3,T3,0 50,754,45,"16.67",1436248,s,594,"1",""
7444,"4","","",22M_AN_C,45M_NE_C,r,test,"",.png,0 50,"750",s r,"","","","","",correct: Correct.  They like to play Risk (R).; incorrect: Incorrect.  They like to play Risk (R).,"2000",sameScreen,"","","","14",T2,B2,0 50,750,45,"16.78",1441180,r,686,"1",""
7438,"1","","",27M_NE_C,34M_AN_C,s,test,"",.png,0 50,"750",s r,"","","","","",correct: Correct.  They like to play Stratego (S).; incorrect: Incorrect.  They like to play Stratego (S).,"2000",sameScreen,"","","","14",B5,T5,0 50,750,45,"16.76",1446543,s,1112,"1",""
7440,"2","","",36M_AN_C,37M_NE_C,r,test,"",.png,0 50,"750",s r,"","","","","",correct: Correct.  They like to play Risk (R).; incorrect: Incorrect.  They like to play Risk (R).,"2000",sameScreen,"","","","14",T6,B6,0 50,750,45,"16.67",1451882,r,1097,"1",""
7442,"3","","",40M_NE_C,20M_AN_C,s,test,"",.png,0 50,"750",s r,"","","","","",correct: Correct.  They like to play Stratego (S).; incorrect: Incorrect.  They like to play Stratego (S).,"2000",sameScreen,"","","","14",B1,T1,0 50,750,45,"16.67",1456883,s,761,"1",""
7448,"6","","",33M_AN_C,43M_NE_C,r,test,"",.png,0 50,"750",s r,"","","","","",correct: Correct.  They like to play Risk (R).; incorrect: Incorrect.  They like to play Risk (R).,"2000",sameScreen,"","","","14",T4,B4,0 50,750,45,"16.67",1462014,r,887,"1",""
7451,"1","","",34M_AN_C,27M_NE_C,s,test,"",.png,0 50,"750",s r,"","","","","",correct: Correct.  They like to play Stratego (S).; incorrect: Incorrect.  They like to play Stratego (S).,"2000",sameScreen,"","","","14",T5,B5,0 50,748,45,"16.67",1467141,s,879,"1",""
7459,"5","","",26M_AN_C,31M_NE_C,s,test,"",.png,0 50,"750",s r,"","","","","",correct: Correct.  They like to play Stratego (S).; incorrect: Incorrect.  They like to play Stratego (S).,"2000",sameScreen,"","","","14",T3,B3,0 50,748,45,"16.67",1472036,s,653,"1",""
7461,"6","","",43M_NE_C,33M_AN_C,r,test,"",.png,0 50,"750",s r,"","","","","",correct: Correct.  They like to play Risk (R).; incorrect: Incorrect.  They like to play Risk (R).,"2000",sameScreen,"","","","14",B4,T4,0 50,750,45,"16.62",1477230,r,940,"1",""
7453,"2","","",37M_NE_C,36M_AN_C,r,test,"",.png,0 50,"750",s r,"","","","","",correct: Correct.  They like to play Risk (R).; incorrect: Incorrect.  They like to play Risk (R).,"2000",sameScreen,"","","","14",B6,T6,0 50,750,45,"16.62",1482806,r,1328,"1",""
7457,"4","","",45M_NE_C,22M_AN_C,r,test,"",.png,0 50,"750",s r,"","","","","",correct: Correct.  They like to play Risk (R).; incorrect: Incorrect.  They like to play Risk (R).,"2000",sameScreen,"","","","14",B2,T2,0 50,750,45,"16.67",1488316,r,1266,"1",""
7455,"3","","",20M_AN_C,40M_NE_C,s,test,"",.png,0 50,"750",s r,"","","","","",correct: Correct.  They like to play Stratego (S).; incorrect: Incorrect.  They like to play Stratego (S).,"2000",sameScreen,"","","","14",T1,B1,0 50,750,45,"16.67",1493507,s,936,"1",""
7485,"6","","",33M_AN_C,31M_NE_C,"",test,"",.png,0 50,"0",s r,"","","","","","","","","","","","14",T4,B3,0 50,0,45,"16.67",1504069,r,911,"",""
7487,"6","","",33M_AN_C,31M_NE_C,"",test,"",.png,0 50,"750","","","",slider,1_7_1;4,"","","","","","","","14",T4,B3,0 50,753,45,"16.67",1508820,"7",2477,"",7
7469,"2","","",36M_AN_C,27M_NE_C,"",test,"",.png,0 50,"0",s r,"","","","","","","","","","","","14",T6,B5,0 50,0,0,0,1511878,s,1566,"",""
7471,"2","","",36M_AN_C,27M_NE_C,"",test,"",.png,0 50,"750","","","",slider,1_7_1;4,"","","","","","","","14",T6,B5,0 50,753,45,"16.73",1515783,"7",1643,"",7
7473,"3","","",45M_NE_C,20M_AN_C,"",test,"",.png,0 50,"0",s r,"","","","","","","","","","","","14",B2,T1,0 50,0,0,0,1518001,r,719,"",""
7475,"3","","",45M_NE_C,20M_AN_C,"",test,"",.png,0 50,"750","","","",slider,1_7_1;4,"","","","","","","","14",B2,T1,0 50,748,45,"16.73",1521744,"7",1487,"",7
7465,"1","","",37M_NE_C,34M_AN_C,"",test,"",.png,0 50,"0",s r,"","","","","","","","","","","","14",B6,T5,0 50,0,0,0,1524139,r,899,"",""
7467,"1","","",37M_NE_C,34M_AN_C,"",test,"",.png,0 50,"750","","","",slider,1_7_1;4,"","","","","","","","14",B6,T5,0 50,747,45,"16.62",1527917,"7",1536,"",7
7481,"5","","",43M_NE_C,26M_AN_C,"",test,"",.png,0 50,"0",s r,"","","","","","","","","","","","14",B4,T3,0 50,0,0,0,1530170,s,759,"",""
7483,"5","","",43M_NE_C,26M_AN_C,"",test,"",.png,0 50,"750","","","",slider,1_7_1;4,"","","","","","","","14",B4,T3,0 50,750,45,"16.60",1533902,"7",1480,"",7
7477,"4","","",22M_AN_C,40M_NE_C,"",test,"",.png,0 50,"0",s r,"","","","","","","","","","","","14",T2,B1,0 50,0,0,0,1536196,s,795,"",""
7479,"4","","",22M_AN_C,40M_NE_C,"",test,"",.png,0 50,"750","","","",slider,1_7_1;4,"","","","","","","","14",T2,B1,0 50,753,45,"16.67",1539870,"7",1423,"",7
7506,"5","","",26M_AN_C,43M_NE_C,"",test,"",.png,0 50,"0",s r,"","","","","","","","","","","","14",T3,B4,0 50,0,0,0,1542035,s,677,"",""
7508,"5","","",26M_AN_C,43M_NE_C,"",test,"",.png,0 50,"750","","","",slider,1_7_1;4,"","","","","","","","14",T3,B4,0 50,750,45,"16.73",1545645,"7",1361,"",7
7494,"2","","",27M_NE_C,36M_AN_C,"",test,"",.png,0 50,"0",s r,"","","","","","","","","","","","14",B5,T6,0 50,0,0,0,1547987,s,842,"",""
7496,"2","","",27M_NE_C,36M_AN_C,"",test,"",.png,0 50,"750","","","",slider,1_7_1;4,"","","","","","","","14",B5,T6,0 50,750,45,"16.67",1551561,"7",1321,"",7
7498,"3","","",20M_AN_C,45M_NE_C,"",test,"",.png,0 50,"0",s r,"","","","","","","","","","","","14",T1,B2,0 50,0,0,0,1553512,r,458,"",""
7500,"3","","",20M_AN_C,45M_NE_C,"",test,"",.png,0 50,"750","","","",slider,1_7_1;4,"","","","","","","","14",T1,B2,0 50,753,45,"16.67",1557283,"7",1519,"",7
7490,"1","","",34M_AN_C,37M_NE_C,"",test,"",.png,0 50,"0",s r,"","","","","","","","","","","","14",T5,B6,0 50,0,0,0,1561762,r,2988,"",""
7492,"1","","",34M_AN_C,37M_NE_C,"",test,"",.png,0 50,"750","","","",slider,1_7_1;4,"","","","","","","","14",T5,B6,0 50,748,45,"16.73",1565950,"7",1933,"",7
7510,"6","","",31M_NE_C,33M_AN_C,"",test,"",.png,0 50,"0",s r,"","","","","","","","","","","","14",B3,T4,0 50,0,0,0,1568669,r,1226,"",""
7512,"6","","",31M_NE_C,33M_AN_C,"",test,"",.png,0 50,"750","","","",slider,1_7_1;4,"","","","","","","","14",B3,T4,0 50,751,45,"16.62",1573650,"7",2720,"",7
7502,"4","","",40M_NE_C,22M_AN_C,"",test,"",.png,0 50,"0",s r,"","","","","","","","","","","","14",B1,T2,0 50,0,0,0,1576012,s,868,"",""
7504,"4","","",40M_NE_C,22M_AN_C,"",test,"",.png,0 50,"750","","","",slider,1_7_1;4,"","","","","","","","14",B1,T2,0 50,750,45,"16.69",1579766,"7",1498,"",7
7513,"0","","","","","",form,What is your age?,"","","","","","",radio,18 years old; 19 years old; 20 years old; 21 years old; 22 years old; 23 years old; 24 years or older,"","","","","1","","","14","","","",750,0,0,1613469,21 years old,33112,0,"4"
7514,"0","","","","","",form,What was your biological sex assigned at birth?,"","","","","","",radio,Female; Male; Intersex; Prefer not to answer,"","","","","1","","","14","","","",750,45,"16.67",1613469,Female,33112,0,"1"
7515,"0","","","","","",form,"Do you consider yourself to be Hispanic, Latino, or of Spanish origin?","","","","","","",radio,Yes; No; Prefer not to answer,"","","","","1","","","14","","","",750,"","",1613469,No,33112,0,"2"
7516,"0","","","","","",form,With which racial group do you identify (select the one with which you MOST CLOSELY identify)?,"","","","","","",radio,American Indian or Alaska Native; Asian; Black or African American; Native Hawaiian or other Pacific Islander; White; More than one race; Prefer not to answer,"","","","","1","","","14","","","",750,"","",1613469,Asian,33112,0,"2"
7517,"0","","","","","",form,What is your current employment status?,"","","","","","",radio,Employed full-time; Employed part-time; Disabled (not working because of permanent or temporary disability); Homemaker; Full-time student; Retired; Seeking opportunities; Prefer not to answer,"","","","","1","","","14","","","",750,"","",1613469,Employed part-time,33112,0,"2"
7518,"0","","","","","",form,What is the highest level of education that your primary caregiver completed?,"","","","","","",radio,"Less than high school; High school graduate or GED; Some college or no degree; Associate degree; Bachelor’s degree (example: BA, AB, BS, BBA); Master’s degree (example: MA, MS, MEng, MEd, MBA); Doctoral degree (example: PhD, EdD, MD, JD, DDS, DDM); Prefer not to answer","","","","","1","","","14","","","",750,"","",1613469,Prefer not to answer,33112,0,"8"
7519,"0","","","","","",form,What is the highest level of education that your secondary caregiver completed?,"","","","","","",radio,"Less than high school; High school graduate or GED; Some college or no degree; Associate degree; Bachelor’s degree (example: BA, AB, BS, BBA); Master’s degree (example: MA, MS, MEng, MEd, MBA); Doctoral degree (example: PhD, EdD, MD, JD, DDS, DDM); Prefer not to answer","","","","","1","","","14","","","",750,"","",1613469,Prefer not to answer,33112,0,"8"
7520,"0","","","","","",form,Would you describe your family as:,"","","","","","",radio,Low income; Lower-middle income; Middle income; Upper-middle income; High income; Prefer not to answer,"","","","","1","1","","14","","","",750,"","",1613469,Upper-middle income,33112,0,"4"
7521,"0","","","","","",form,Please respond to each question or statement by marking one box per row. <br> In the past 7 days... <p>,"","","","",Next,"",radio,Never; Rarely; Sometimes; Often; Always; Prefer not to answer,I felt fearful; I found it hard to focus on anything other than my anxiety; My worries overwhelmed me; I felt uneasy; I felt nervous; I felt like I needed help for my anxiety; I felt anxious; I felt tense,"","","","1","1","","14","","","",750,"","",1638675,Never_ Sometimes_ Often_ Sometimes_ Rarely_Never_ Often_ Sometimes,24647,0,1_3_4_3_2_1_4_3
7522,"0","","","","","",form,Please respond to each item by marking one box per row. <br> In the past 7 days... <p>,"","","","",Next,"",radio,Never; Rarely; Sometimes; Often; Always; Prefer not to answer,I was irritated more than people knew; I felt angry; I felt like I was ready to explode; I was grouchy; I felt annoyed,"","","","1","1","","14","","","",750,"","",1651099,Always_ Sometimes_ Sometimes_ Sometimes_ Sometimes,11883,0,5_3_3_3_3
7523,"0","","","","","",form,Please respond to each question or statement by marking one box per row. <br> In the past 7 days... <p>,"","","","",Next,"",radio,Never; Rarely; Sometimes; Often; Always; Prefer not to answer,I felt worthless; I felt helpless; I felt depressed; I felt hopeless; I felt like a failure; I felt unhappy; I felt that I had nothing to look forward to; I felt that nothing could cheer me up,"","","","1","1","","14","","","",750,"","",1669529,Never_Never_ Sometimes_ Rarely_ Sometimes_ Rarely_ Rarely_ Rarely,17881,0,1_1_3_2_3_2_2_2
7524,"0","","","","","",form,Please respond to each item by marking one box per row. <br> In the past 7 days... <p>,"","","","",Next,"",radio,Not at all; A little bit; Somewhat; Quite a bit; Very much; Prefer not to answer,I felt cheerful; I felt attentive; I felt delighted; I felt happy; I felt joyful; I felt enthusiastic; I felt determined; I felt interested; I was thinking creatively; I liked myself; I felt peaceful; I felt good-natured; I felt useful; I felt understood; I felt content,"","","","1","1","","14","","","",750,"","",1692590,Somewhat_ A little bit_ Somewhat_ Very much_ Very much_ Very much_ A little bit_ A little bit_ A little bit_ Somewhat_ Somewhat_ Quite a bit_ Quite a bit_ Very much_ Very much,22488,0,3_2_3_5_5_5_2_2_2_3_3_4_4_5_5
7525,"0","","","","","",form,"The following statements describe how you may have felt or behaved during the past two weeks. <p> Please indicate how often you have felt or behaved in the following ways, DURING THE PAST TWO WEEKS, including today. Don't take too long with your answers. Your immediate response is probably the most accurate.","","","","",Next,"",radio,Never; Rarely; Sometimes; Often; Very often; Prefer not to answer,I have been grumpy; I have been feeling like I might snap; Other people have been getting on my nerves; Things have been bothering me more than they normally do; I have been feeling irritable,"","","","1","1","","14","","","",750,"","",1707660,Sometimes_ Often_ Often_ Sometimes_ Sometimes,14530,0,3_4_4_3_3
7526,"0","","","","","",form,Please indicate how often the following statements apply to you by selecting the appropriate description from the scale below for each item. <p>,"","","","","","",radio,Almost Never <br> (0-10%); Sometimes <br> (11-35%); About Half the Time <br> (36-65%); Most of the Time <br> (66-90%); Almost Always <br> (91-100%); Prefer not to answer,"I pay attention to how I feel.; I have no idea how I am feeling.; I have difficulty making sense out of my feelings.; I am attentive to my feelings.; I am confused about how I feel.; When I’m upset, I acknowledge my emotions.","","","","1","","","14","","","",750,"","",1760476,About Half the Time <br> (36-65%)_ Sometimes <br> (11-35%)_ Sometimes <br> (11-35%)_ Sometimes <br> (11-35%)_ About Half the Time <br> (36-65%)_ Most of the Time <br> (66-90%),52224,0,3_2_2_2_3_4
7527,"0","","","","","",form,&nbsp;,"","","","","","",radio,Almost Never <br> (0-10%); Sometimes <br> (11-35%); About Half the Time <br> (36-65%); Most of the Time <br> (66-90%); Almost Always <br> (91-100%); Prefer not to answer,"When I’m upset, I become embarrassed for feeling that way.; When I’m upset, I have difficulty getting work done.; When I’m upset, I become out of control.; When I'm upset, I believe that I will remain that way for a long time.; When I'm upset, I believe that I'll end up feeling very depressed.; When I'm upset, I have difficulty focusing on other things.","","","","1","","","14","","","",750,"","",1760476,Sometimes <br> (11-35%)_ Most of the Time <br> (66-90%)_Almost Never <br> (0-10%)_ Sometimes <br> (11-35%)_ Most of the Time <br> (66-90%)_ Most of the Time <br> (66-90%),52224,0,2_4_1_2_4_4
7528,"0","","","","","",form,&nbsp;,"","","","",Next,"",radio,Almost Never <br> (0-10%); Sometimes <br> (11-35%); About Half the Time <br> (36-65%); Most of the Time <br> (66-90%); Almost Always <br> (91-100%); Prefer not to answer,"When I'm upset, I feel ashamed with myself for feeling that way.; When I'm upset, I feel guilty for feeling that way.; When I'm upset, I have difficulty concentrating.; When I'm upset, I have difficulty controlling my behaviors.; When I'm upset, I believe that wallowing in it is all I can do.; When I'm upset, I lose control over my behaviors.","","","","1","1","","14","","","",750,"","",1760476,About Half the Time <br> (36-65%)_ About Half the Time <br> (36-65%)_ Most of the Time <br> (66-90%)_ Sometimes <br> (11-35%)_ Sometimes <br> (11-35%)_Almost Never <br> (0-10%),52224,0,3_3_4_2_2_1
7529,"0","","","","","",form,"Please read each statement and choose a number 0, 1, 2 or 3 which indicates how much the statement applied to you over the past week. There are no right or wrong answers. Do not spend too much time on any statement. <br> <br> The rating scale is as follows: <br> 0 Did not apply to me at all <br> 1 Applied to me to some degree, or some of the time <br> 2 Applied to me to a considerable degree, or a good part of time <br> 3 Applied to me very much, or most of the time","","","","","","",radio,0; 1; 2; 3; Prefer not to answer,"I found it hard to wind down; I was aware of dryness of my mouth; I couldn't seem to experience any positive feeling at all; I experienced breathing difficulty (eg, excessively rapid breathing, breathlessness in the absence of physical exertion); I found it difficult to work up the initiative to do things; I tended to over-react to situations; I experienced trembling (eg, in the hands)","","","","1","","","14","","","",750,"","",1825987,1_ 2_0_0_ 2_ 2_0,64926,0,2_3_1_1_3_3_1
7530,"0","","","","","",form,&nbsp;,"","","","","","",radio,0; 1; 2; 3; Prefer not to answer,I felt that I was using a lot of nervous energy; I was worried about situations in which I might panic and make a fool of myself; I felt that I had nothing to look forward to; I found myself getting agitated; I found it difficult to relax; I felt down-hearted and blue; I was intolerant of anything that kept me from getting on with what I was doing,"","","","1","","","14","","","",750,"","",1825987,2_ 1_0_ 2_ 2_ 2_ 1,64926,0,3_2_1_3_3_3_2
7531,"0","","","","","",form,&nbsp;,"","","","",Next,"",radio,0; 1; 2; 3; Prefer not to answer,"I felt I was close to panic; I was unable to become enthusiastic about anything; I felt I wasn't worth much as a person; I felt that I was rather touchy; I was aware of the action of my heart in the absence of physical exertion (eg, sense of heart rate increase, heart missing a beat); I felt scared without any good reason; I felt that life was meaningless","","","","1","1","","14","","","",750,"","",1825987,0_0_0_ 2_0_0_0,64926,0,1_1_1_3_1_1_1
7532,"0","","","","","",form,Please respond to each item by marking one box per row. <p>,"","","","",Next,"",radio,Not at all; A little bit; Somewhat; Quite a bit; Very much; Prefer not to answer,I am satisfied with my ability to do things for my family.; I am satisfied with my ability to do things for fun with others.; I feel good about my ability to do things for my friends.; I am satisfied with my ability to perform my daily routines.; I am satisfied with my ability to do things for fun outside my home.; I am satisfied with my ability to meet the needs of my friends.; I am satisfied with my ability to do the work that is really important to me (include work at home).; I am satisfied with my ability to meet the needs of my family.,"","","","1","1","","14","","","",750,"","",1866586,Quite a bit_ Very much_ Very much_ Somewhat_ Somewhat_ Very much_ Somewhat_ Very much,40047,0,4_5_5_3_3_5_3_5
7533,"0","","","","","",form,Routines:,"","","","","","",radio,"No change.; Mild. Change in only one area (e.g. work, education, social life, hobbies, religious activities).; Moderate. Change in two areas (e.g. work, education, social life, hobbies, religious activities).; Severe. Change in three or more areas (e.g. work, education, social life, hobbies, religious activities).; Prefer not to answer","","","","","1","",<p style='font-size:18px;'>Rate how much the Coronavirus pandemic has changed your life in each of the following ways.</p>,"14","","","",750,"","",1961629,"Severe. Change in three or more areas (e.g. work, education, social life, hobbies, religious activities).",94469,0,"4"
7534,"0","","","","","",form,Family income/employment:,"","","","","","",radio,No change.; Mild. Small change; able to meet all needs and pay bills.; Moderate. Having to make cuts but able to meet basic needs and pay bills.; Severe. Unable to meet basic needs and/or pay bills.; Prefer not to answer,"","","","","1","","","14","","","",750,"","",1961629,No change.,94469,0,"1"
7535,"0","","","","","",form,Food access:,"","","","","","",radio,"No change.; Mild. Enough food but difficulty getting to stores and/or finding needed items.; Moderate. Occasionally without enough food and/or good quality (e.g., healthy) foods.; Severe. Frequently without enough food and/or good quality (e.g., healthy) foods.; Prefer not to answer","","","","","1","","","14","","","",750,"","",1961629,No change.,94469,0,"1"
7536,"0","","","","","",form,Medical health care access:,"","","","","","",radio,"No change.; Mild. Appointments moved to telehealth.; Moderate. Delays or cancellations in appointments and/or delays in getting prescriptions;\n              changes have minimal impact on health.; Severe. Unable to access needed care resulting in moderate to severe impact on health.; Prefer not to answer","","","","","1","","","14","","","",750,"","",1961629,No change.,94469,0,"1"
7537,"0","","","","","",form,Mental health treatment access:,"","","","","","",radio,"No change.; Mild. Appointments moved to telehealth.; Moderate. Delays or cancellations in appointments and/or delays in getting prescriptions;\n              changes have minimal impact.; Severe. Unable to access needed care resulting in severe risk and/or significant impact.; Prefer not to answer","","","","","1","","","14","","","",750,"","",1961629,No change.,94469,0,"1"
7538,"0","","","","","",form,Access to extended family and non-family social supports:,"","","","","","",radio,"No change.; Mild. Continued visits with social distancing and/or regular phone calls and/or televideo or\n              social media contacts.; Moderate. Loss of in person and remote contact with a few people, but not all supports.; Severe. Loss of in person and remote contact with all supports.; Prefer not to answer","","","","","1","","","14","","","",750,"","",1961629,"Moderate. Loss of in person and remote contact with a few people, but not all supports.",94469,0,"3"
7539,"0","","","","","",form,Experiences of stress related to coronavirus pandemic:,"","","","","","",radio,"None; Mild. Occasional worries and/or minor stress-related symptoms (e.g., feel a little anxious, sad,\n              and/or angry, mild/rare trouble sleeping).; Moderate. Frequent worries and/or moderate stress-related symptoms (e.g., feel moderately\n              anxious, sad, and/or angry, moderate/occasional trouble sleeping).; Severe. Persistent worries and/or severe stress-related symptoms (e.g., feel extremely anxious, sad, and/or angry, severe/frequent trouble sleeping).; Prefer not to answer","","","","","1","","","14","","","",750,"","",1961629,"Mild. Occasional worries and/or minor stress-related symptoms (e.g., feel a little anxious, sad,\n              and/or angry, mild/rare trouble sleeping).",94469,0,"2"
7540,"0","","","","","",form,Stress and discord in the family:,"","","","","","",radio,"None; Mild. Family members occasionally short-tempered with one another; no physical violence.; Moderate. Family members frequently short-tempered with one another; and/or children in the\n              home getting in physical fights with one another.; Severe. Family members frequently short-tempered with one another and adults in the home throwing things at one another, and/or knocking over furniture, and/or hitting and/or harming one another.; Prefer not to answer","","","","","1","","","14","","","",750,"","",1961629,None,94469,0,"1"
7541,"0","","","","","",form,Personal diagnsosis of cornovirus:,"","","","","","",radio,None; Mild. Symptoms effectively managed at home.; Moderate. Symptoms severe and required brief hospitalization.; Severe. Symptoms severe and required ventilation.; Prefer not to answer,"","","","","1","","","14","","","",750,"","",1961629,None,94469,0,"1"
7542,"0","","","","","",form,Number of immediate family members diagnosed with coronavirus:,"","","","","","",radio,0; 1-2; 3-4; 5 or more; Prefer not to answer,"","","","","1","","","14","","","",750,"","",1961629,"0",94469,0,"1"
7543,"0","","","","","",form,Rate the symptoms of the person who was most sick:,"","","","","","",radio,None; Mild. Symptoms effectively managed at home.; Moderate. Symptoms severe and required brief hospitalization.; Severe. Symptoms severe and required ventilation.; Immediate family member died from coronavirus.; Prefer not to answer,"","","","","1","","","14","","","",750,"","",1961629,None,94469,0,"1"
7544,"0","","","","","",form,Number of extended family member(s) and/or close friends diagnosed with coronavirus:,"","","","","","",radio,0; 1-2; 3-4; 5 or more; Prefer not to answer,"","","","","1","","","14","","","",750,"","",1961629,3-4,94469,0,"3"
7545,"0","","","","","",form,Rate the symptoms of the person who was most sick:,"","","","",Next,"",radio,None; Mild. Symptoms effectively managed at home.; Moderate. Symptoms severe and required brief hospitalization.; Severe. Symptoms severe and required ventilation.; Extended family member and/or close friend died of coronavirus.; Prefer not to answer,"","","","","1","1","","14","","","",750,"","",1961629,Mild. Symptoms effectively managed at home.,94469,0,"2"
7546,"0","","","","","",form,"Nicotine/Tobacco (including cigarettes, electronic cigarettes, or vapes)?","","","","","","",radio,Never; Once or twice; Monthly; Weekly or more; Prefer not to answer,"","","","","1","","<p style='font-size:18px;'>The following questions will ask about your use, if any, of alcohol, tobacco, and other drugs. Please answer every question by selecting your choice.  In the past year, how many times have you used:</p>","14","","","",750,"","",2008204,Weekly or more,46006,0,"4"
7547,"0","","","","","",form,Alcohol?,"","","","","","",radio,Never; Once or twice; Monthly; Weekly or more; Prefer not to answer,"","","","","1","","","14","","","",750,"","",2008204,Monthly,46006,0,"3"
7548,"0","","","","","",form,"Marijuana (such as smoking, vaping or edibles)?","","","","","","",radio,Never; Once or twice; Monthly; Weekly or more; Prefer not to answer,"","","","","1","","","14","","","",750,"","",2008204,Never,46006,0,"1"
7549,"0","","","","","",form,Prescription drugs that were not prescribed for you (such as pain medication or Adderall)?,"","","","","","",radio,Never; Once or twice; Monthly; Weekly or more; Prefer not to answer,"","","","","1","","","14","","","",750,"","",2008204,Never,46006,0,"1"
7550,"0","","","","","",form,"Illegal drugs (such as cocaine, Ecstasy or Molly)?","","","","","","",radio,Never; Once or twice; Monthly; Weekly or more; Prefer not to answer,"","","","","1","","","14","","","",750,"","",2008204,Once or twice,46006,0,"2"
7551,"0","","","","","",form,Inhalants (such as nitrous oxide)?,"","","","","","",radio,Never; Once or twice; Monthly; Weekly or more; Prefer not to answer,"","","","","1","","","14","","","",750,"","",2008204,Never,46006,0,"1"
7552,"0","","","","","",form,"Herbs or synthetic drugs (such as salvia, 'K2', or bath salts)?","","","","","","",radio,Never; Once or twice; Monthly; Weekly or more; Prefer not to answer,"","","","","1","","","14","","","",750,"","",2008204,Never,46006,0,"1"
7553,"0","","","","","",form,"In the past year, how many times you vaped anything including, nicotine, marijuana, or just flavoring?","","","","","","",radio,Never; Once or twice; Monthly; Weekly or more; Prefer not to answer,"","","","","1","","","14","","","",750,"","",2008204,Weekly or more,46006,0,"4"
7554,"0","","","","","",form,Which of the following have you vaped? (choose all that apply),"","","","",Next,"",checkboxes,Nicotine; Marijuana; Just flavoring; None,"","","","","1","1","","14","","","",750,"","",2008204,Nicotine,46006,0,"1"
7555,"0","","","","","",form,BEAST,"","","","","","",radio,afraid; words; large; animal; separate,"","","","","1","",<p style='font-size:18px;'>Each of the following questions consists of a word in capital letters followed by five words or phrases.  Select the one word or phrase that means most nearly the same as the word in capital letters.</p>,"14","","","",750,"","",2396809,animal,388001,0,"4"
7556,"0","","","","","",form,ADHESIVE,"","","","","","",radio,glue; puissance; tradition; argument; latent,"","","","","1","","","14","","","",750,"","",2396809,glue,388001,0,"1"
7557,"0","","","","","",form,DREARY,"","","","","","",radio,old; bloom; gloomy; correct; possible,"","","","","1","","","14","","","",750,"","",2396809,gloomy,388001,0,"3"
7558,"0","","","","","",form,MEAGER,"","","","","","",radio,level; burnt; new; bare; peevish,"","","","","1","","","14","","","",750,"","",2396809,burnt,388001,0,"2"
7559,"0","","","","","",form,ADHERENCE,"","","","","","",radio,existence; devotion; relation; slippery; proof,"","","","","1","","","14","","","",750,"","",2396809,devotion,388001,0,"2"
7560,"0","","","","","",form,DEPRECATE,"","","","","","",radio,quite; clean; hate; save; help,"","","","","1","","","14","","","",750,"","",2396809,hate,388001,0,"3"
7561,"0","","","","","",form,HALCYON,"","","","","","",radio,plain; eclectic; inhuman; stirring; peaceful,"","","","","1","","","14","","","",750,"","",2396809,peaceful,388001,0,"5"
7562,"0","","","","","",form,PACHYDERM,"","","","","","",radio,giraffe; ostrich; platypus; elephant; whale,"","","","","1","","","14","","","",750,"","",2396809,elephant,388001,0,"4"
7563,"0","","","","","",form,TRUTH,"","","","","","",radio,neighbor; criminal; midnight; offering; fact,"","","","","1","","","14","","","",750,"","",2396809,fact,388001,0,"5"
7564,"0","","","","","",form,REJOICE,"","","","","","",radio,conserve; risk; revel; automatic; slash,"","","","","1","","","14","","","",750,"","",2396809,revel,388001,0,"3"
7565,"0","","","","","",form,POTATION,"","","","","","",radio,disappearance; drink; farming; rivalry; game,"","","","","1","","","14","","","",750,"","",2396809,drink,388001,0,"2"
7566,"0","","","","","",form,PIQAUNT,"","","","","","",radio,expert; steam; nosy; flavorful; hurt,"","","","","1","","","14","","","",750,"","",2396809,flavorful,388001,0,"4"
7567,"0","","","","","",form,ACOLYTE,"","","","","","",radio,musician; savior; church helper; manager; speak,"","","","","1","","","14","","","",750,"","",2396809,church helper,388001,0,"3"
7568,"0","","","","","",form,COVENANT,"","","","","","",radio,pact; noise; agent; ceremony; aria,"","","","","1","","","14","","","",750,"","",2396809,pact,388001,0,"1"
7569,"0","","","","","",form,DORMANT,"","","","","","",radio,insane; latent; swimming; cave; mortal,"","","","","1","","","14","","","",750,"","",2396809,latent,388001,0,"2"
7570,"0","","","","","",form,CRUEL,"","","","","","",radio,mobile; pliant; pensive; mean; passive,"","","","","1","","","14","","","",750,"","",2396809,mean,388001,0,"4"
7571,"0","","","","","",form,HERMETIC,"","","","","","",radio,completely sealed; purple; reclusive; princely; peppery,"","","","","1","","","14","","","",750,"","",2396809,completely sealed,388001,0,"1"
7572,"0","","","","","",form,CHUCKLE,"","","","","","",radio,laugh; haul; valuable; stub; prod,"","","","","1","","","14","","","",750,"","",2396809,laugh,388001,0,"1"
7573,"0","","","","","",form,ABATTOIR,"","","","","","",radio,hawk; killing place; slot; culprit; stronghold,"","","","","1","","","14","","","",750,"","",2396809,killing place,388001,0,"2"
7574,"0","","","","","",form,VITTLES,"","","","","","",radio,conversation; avoidance; belief; prayer; food,"","","","","1","","","14","","","",750,"","",2396809,food,388001,0,"5"
7575,"0","","","","","",form,SKIRMISH,"","","","","","",radio,compete; travel; sail; abentee; fight,"","","","","1","","","14","","","",750,"","",2396809,fight,388001,0,"5"